name: WikiSRAT
channels:
  - anaconda
  - conda-forge
  - defaults
dependencies:
  - attrs=21.2.0=pyhd8ed1ab_0
  - backcall=0.2.0=py_0
  - brotlipy=0.7.0=py36h68aa20f_1001
  - ca-certificates=2021.5.30=h5b45459_0
  - certifi=2021.5.30=py36ha15d459_0
  - cffi=1.14.6=py36he58ceb7_0
  - chardet=4.0.0=py36ha15d459_1
  - charset-normalizer=2.0.0=pyhd8ed1ab_0
  - colorama=0.4.4=py_0
  - cryptography=3.4.7=py36hd0de82c_0
  - decorator=4.4.2=py_0
  - idna=3.1=pyhd3deb0d_0
  - importlib-metadata=4.6.1=py36ha15d459_0
  - ipykernel=5.3.4=py36h5ca1d4c_0
  - ipython=7.16.1=py36h5ca1d4c_0
  - ipython_genutils=0.2.0=py36h3c5d0ee_0
  - jedi=0.18.0=py36ha15d459_2
  - jsonschema=3.2.0=pyhd8ed1ab_3
  - jupyter_client=6.1.7=py_0
  - jupyter_core=4.6.3=py36_0
  - krb5=1.19.1=hbae68bd_0
  - libpq=13.3=hfcc5ef8_0
  - libsodium=1.0.18=h62dcd97_0
  - openssl=1.1.1k=h8ffe710_0
  - parso=0.8.0=py_0
  - pickleshare=0.7.5=py36_0
  - pip=21.1.3=pyhd8ed1ab_0
  - prompt-toolkit=3.0.8=py_0
  - psycopg2=2.9.1=py36he58ceb7_0
  - pycparser=2.20=pyh9f0ad1d_2
  - pygments=2.7.1=py_0
  - pyopenssl=20.0.1=pyhd8ed1ab_0
  - pyrsistent=0.17.3=py36h68aa20f_2
  - pysocks=1.7.1=py36ha15d459_3
  - python=3.6.13=h39d44d4_0_cpython
  - python-dateutil=2.8.1=py_0
  - python_abi=3.6=2_cp36m
  - pywin32=227=py36he774522_1
  - pyzmq=19.0.2=py36ha925a31_1
  - requests=2.26.0=pyhd8ed1ab_0
  - setuptools=49.6.0=py36ha15d459_3
  - six=1.15.0=py_0
  - tk=8.6.10=h8ffe710_1
  - tornado=6.0.4=py36he774522_1
  - traitlets=4.3.3=py36_0
  - typing_extensions=3.10.0.0=pyha770c72_0
  - ucrt=10.0.20348.0=h57928b3_0
  - urllib3=1.26.6=pyhd8ed1ab_0
  - vc=14.2=hb210afc_5
  - vs2015_runtime=14.29.30037=h902a5da_5
  - wcwidth=0.2.5=py_0
  - wheel=0.36.2=pyhd3deb0d_0
  - win_inet_pton=1.1.0=py36ha15d459_2
  - wincertstore=0.2=py36ha15d459_1006
  - zeromq=4.3.2=ha925a31_3
  - zipp=3.5.0=pyhd8ed1ab_0
  - zlib=1.2.11=h62dcd97_1010
prefix: C:\Users\mcamp\Anaconda3\envs\WikiSRAT
